101	38.01078260869565	516.0	0.0
102	37.988529718456725	296.0	0.0
103	35.82778880199214	330.0	0.0
104	42.7542505069412	985.0	0.0
105	42.494438066584856	985.0	0.0
106	47.85673691688373	985.0	0.0
107	49.91897431930693	985.0	0.0
108	45.842131724484666	1661.0	0.0
109	39.08231214783876	329.0	0.0
110	38.152979693650856	693.0	0.0
111	45.938372857750785	3403.0	0.0
112	38.85219105031301	333.0	0.0
113	43.474774110986154	985.0	0.0
114	40.43205251979147	389.0	0.0
115	42.70005792624059	357.0	0.0
116	54.86369812492721	3586.0	0.0
117	51.60438837506288	1985.0	0.0
118	39.980223260844376	695.0	0.0
119	50.56395101788542	985.0	0.0
120	41.78763461687456	594.0	0.0
121	46.016322346633025	2172.0	0.0
122	54.086435551419264	1985.0	0.0
123	39.99357776739841	561.0	0.0
124	45.945995051801454	985.0	0.0
125	45.36314813383819	622.0	0.0
